====================================================================================================
DETAILED TENSORBOARD SUMMARY
====================================================================================================


beat_f1_test
----------------------------------------------------------------------------------------------------
  Total entries: 10
  Steps: 20 to 200
  First value: 0.63595241 (step 20)
  Last value: 0.72677779 (step 200)
  Min value: 0.63595241 (step 20)
  Max value: 0.76413602 (step 80)
  Mean value: 0.70933780
  Std dev: 0.03430619
  Median: 0.71439576
  Trend (first to last): +0.09082538 (+14.28%)

  All values:
      Step            Value
  --------  ---------------
        20       0.63595241
        40       0.67543799
        60       0.73709047
        80       0.76413602
       100       0.68739069
       120       0.73249578
       140       0.70530534
       160       0.72039300
       180       0.70839852
       200       0.72677779


beat_f1_val
----------------------------------------------------------------------------------------------------
  Total entries: 10
  Steps: 20 to 200
  First value: 0.61111110 (step 20)
  Last value: 0.54761904 (step 200)
  Min value: 0.54761904 (step 200)
  Max value: 0.68686867 (step 160)
  Mean value: 0.61923521
  Std dev: 0.05357808
  Median: 0.63109669
  Trend (first to last): -0.06349206 (-10.39%)

  All values:
      Step            Value
  --------  ---------------
        20       0.61111110
        40       0.55454546
        60       0.65151513
        80       0.67272729
       100       0.55194807
       120       0.58268398
       140       0.68225110
       160       0.68686867
       180       0.65108228
       200       0.54761904


train/loss
----------------------------------------------------------------------------------------------------
  Total entries: 200
  Steps: 1 to 200
  First value: 0.09144115 (step 1)
  Last value: 0.05064817 (step 200)
  Min value: 0.05054554 (step 196)
  Max value: 0.09144115 (step 1)
  Mean value: 0.06199042
  Std dev: 0.00918324
  Median: 0.05962809
  Trend (first to last): -0.04079298 (-44.61%)

  All values:
      Step            Value
  --------  ---------------
         1       0.09144115
         2       0.08641253
         3       0.08450717
         4       0.08398578
         5       0.08280317
         6       0.08220233
         7       0.08168995
         8       0.08128253
         9       0.08102912
        10       0.08023781
        11       0.07975560
        12       0.07944460
        13       0.07908233
        14       0.07864287
        15       0.07840998
        16       0.07811231
        17       0.07764757
        18       0.07732997
        19       0.07750900
        20       0.07677998
        21       0.07614519
        22       0.07594316
        23       0.07537000
        24       0.07517274
        25       0.07461730
        26       0.07466758
        27       0.07428013
        28       0.07344402
        29       0.07330583
        30       0.07294225
        31       0.07275624
        32       0.07267915
        33       0.07228893
        34       0.07200144
        35       0.07150787
        36       0.07140689
        37       0.07110558
        38       0.07085134
        39       0.07038300
        40       0.07023867
        41       0.07005194
        42       0.06947356
        43       0.06957219
        44       0.06926045
        45       0.06888582
        46       0.06860385
        47       0.06858743
        48       0.06821626
        49       0.06825483
        50       0.06784856
        51       0.06740043
        52       0.06732313
        53       0.06711836
        54       0.06688616
        55       0.06689867
        56       0.06685710
        57       0.06633434
        58       0.06594694
        59       0.06612498
        60       0.06578507
        61       0.06564419
        62       0.06531595
        63       0.06537957
        64       0.06503014
        65       0.06478231
        66       0.06481532
        67       0.06436819
        68       0.06445295
        69       0.06422076
        70       0.06396319
        71       0.06403201
        72       0.06364348
        73       0.06362783
        74       0.06300249
        75       0.06326795
        76       0.06316280
        77       0.06290366
        78       0.06272154
        79       0.06269272
        80       0.06229285
        81       0.06264704
        82       0.06205918
        83       0.06227239
        84       0.06181158
        85       0.06204510
        86       0.06190966
        87       0.06114241
        88       0.06147234
        89       0.06127933
        90       0.06123179
        91       0.06112017
        92       0.06061454
        93       0.06100205
        94       0.06058482
        95       0.06011841
        96       0.06017595
        97       0.05982135
        98       0.05985228
        99       0.05975430
       100       0.05944548
       101       0.05968537
       102       0.05941068
       103       0.05957082
       104       0.05907058
       105       0.05895926
       106       0.05918338
       107       0.05889906
       108       0.05866546
       109       0.05878627
       110       0.05869935
       111       0.05851880
       112       0.05821858
       113       0.05816292
       114       0.05810865
       115       0.05796853
       116       0.05792057
       117       0.05786321
       118       0.05768444
       119       0.05760680
       120       0.05737667
       121       0.05721447
       122       0.05698632
       123       0.05709650
       124       0.05696590
       125       0.05692147
       126       0.05696027
       127       0.05630486
       128       0.05658580
       129       0.05625275
       130       0.05623715
       131       0.05641365
       132       0.05612842
       133       0.05614698
       134       0.05559433
       135       0.05599461
       136       0.05595121
       137       0.05566131
       138       0.05551115
       139       0.05519282
       140       0.05526369
       141       0.05542068
       142       0.05491664
       143       0.05516410
       144       0.05536006
       145       0.05506374
       146       0.05486202
       147       0.05490600
       148       0.05450068
       149       0.05493388
       150       0.05415039
       151       0.05418447
       152       0.05432307
       153       0.05426469
       154       0.05407115
       155       0.05409959
       156       0.05339208
       157       0.05398371
       158       0.05416902
       159       0.05387668
       160       0.05362070
       161       0.05358320
       162       0.05347846
       163       0.05332235
       164       0.05313494
       165       0.05343232
       166       0.05295555
       167       0.05272571
       168       0.05334835
       169       0.05263556
       170       0.05277513
       171       0.05278992
       172       0.05257973
       173       0.05267551
       174       0.05293740
       175       0.05242388
       176       0.05248306
       177       0.05226677
       178       0.05208688
       179       0.05228090
       180       0.05186050
       181       0.05198780
       182       0.05161894
       183       0.05142595
       184       0.05159063
       185       0.05139658
       186       0.05155177
       187       0.05159958
       188       0.05139332
       189       0.05109880
       190       0.05149991
       191       0.05101891
       192       0.05108873
       193       0.05094873
       194       0.05089886
       195       0.05068215
       196       0.05054554
       197       0.05057778
       198       0.05064005
       199       0.05056662
       200       0.05064817

====================================================================================================
